62		
-9.608540925266909e+1	-1.801505174035750e+0	
-8.220640569395022e+1	-1.794920037629350e+0	
-7.074733096085410e+1	-1.789000000000000e+0	
-5.971530249110320e+1	-1.782000000000000e+0	
-5.017793594306050e+1	-1.775000000000000e+0	
-4.000000000000000e+1	-1.764000000000000e+0	
-3.003558718861210e+1	-1.751000000000000e+0	
-1.992882562277580e+1	-1.729000000000000e+0	
-1.409252669039150e+1	-1.698965192850420e+0	
-1.010676156583630e+1	-1.665098777046100e+0	
-5.978647686832740e+0	-1.619002822201320e+0	
-3.701067615658360e+0	-1.573847601128880e+0	
-2.419928825622780e+0	-1.523047977422390e+0	
-9.964412811387901e-1	-1.449670743179680e+0	
2.135231316725980e-1	-1.382878645343370e+0	
9.964412811387901e-1	-1.317027281279400e+0	
1.490000000000000e+0	-1.251175917215430e+0	
1.880000000000000e+0	-1.169000000000000e+0	
2.190000000000000e+0	-1.098777046095950e+0	
2.490000000000000e+0	-1.006000000000000e+0	
2.840000000000000e+0	-9.060000000000000e-1	
3.190000000000000e+0	-8.020000000000000e-1	
3.558718861209960e+0	-6.989651928504230e-1	
3.890000000000000e+0	-5.964252116650990e-1	
4.220000000000000e+0	-4.976481655691440e-1	
4.555160142348750e+0	-3.988711194731890e-1	
4.890000000000000e+0	-2.982126058325490e-1	
5.230000000000001e+0	-2.013170272812790e-1	
5.622775800711740e+0	-9.399999999999990e-2	
5.810000000000000e+0	-3.951081843838190e-2	
5.978647686832740e+0	2.822201317027280e-3	
6.192170818505340e+0	5.644402634054560e-2	
6.519999999999999e+0	1.288805268109130e-1	
6.903914590747330e+0	2.070000000000000e-1	
7.370000000000000e+0	2.916274694261520e-1	
8.042704626334520e+0	4.000000000000000e-1	
8.540925266903922e+0	4.807149576669800e-1	
9.110320284697510e+0	5.691439322671680e-1	
9.964412811387901e+0	6.870000000000001e-1	
1.088967971530250e+1	8.110000000000000e-1	
1.181494661921710e+1	9.228598306679210e-1	
1.266903914590750e+1	1.013170272812790e+0	
1.362000000000000e+1	1.107243650047040e+0	
1.480427046263350e+1	1.195672624647220e+0	
1.608540925266900e+1	1.274694261523990e+0	
1.758007117437720e+1	1.349952963311380e+0	
1.950177935943060e+1	1.416745061147700e+0	
2.185053380782920e+1	1.476952022577610e+0	
2.427046263345200e+1	1.525870178739420e+0	
2.711743772241990e+1	1.568203198494830e+0	
3.032028469750890e+1	1.602069614299150e+0	
3.387900355871890e+1	1.633113828786450e+0	
3.907473309608540e+1	1.666039510818440e+0	
4.498220640569390e+1	1.696142991533400e+0	
4.953736654804270e+1	1.714957666980240e+0	
5.580071174377220e+1	1.732831608654750e+0	
6.149466192170820e+1	1.748824082784570e+0	
6.690391459074730e+1	1.761053621825020e+0	
7.430604982206410e+1	1.772342427093130e+0	
8.028469750889680e+1	1.781749764816560e+0	
8.704626334519570e+1	1.790216368767640e+0	
9.608540925266909e+1	1.801505174035750e+0	
  30
9.608540925266909e+1	1.801505174035750e+0	
    104.7893	1.8093
    120.3525	1.8212
    140.8381	1.8331
    175.6370	1.8462
    219.0342	1.8594
    275.2065	1.8725
    352.3158	1.8832
    452.7213	1.8951
    586.1118	1.9070
    770.2495	1.9190
    978.7104	1.9285
   1149.5940	1.9356
   1345.2699	1.9416
   1628.1805	1.9480
   2007.8093	1.9560
   3000.0000	1.9760
   4000.0000	1.9840
   5000.0000	1.9900
   7000.0000	2.0000
   10000.0000	2.0080
   11616.0950955942        2.01171238898038     
   13652.1435023439        2.01542477796077     
   16016.2600894362        2.01913716694115     
   18604.9023519899        2.02284955592154     
   21339.6526354937        2.02656194490192     
   24169.5653651359        2.03027433388231     
   27062.9506752951        2.03398672286269     
   29999.9999999989        2.03769911184308     
   32954.2252845393        2.04141150082346     
