 48
-2400.0000	-1.4750
-2197.9000	-1.4710
-2000.0000	-1.4630
-1797.9000	-1.4510
-1694.8000	-1.4428
-1591.8000	-1.4340
-1488.7000	-1.4252
-1389.7000	-1.4140
-1270.1000	-1.3956
-1191.8000	-1.3856
-1035.1000	-1.3620
-899.0000	-1.3370
-795.9000	-1.3130
-684.5000	-1.2810
-593.8000	-1.2530
-437.1000	-1.1900
-301.0000	-1.1230
-197.9000	-1.0630
-57.7000	-0.9700
8.2000	-0.9130
70.1000	-0.8480
99.0000	-0.7960
140.2000	-0.7150
177.3000	-0.6220
202.1000	-0.5210
230.9000	-0.3960
251.5000	-0.2950
268.0000	-0.1980
284.5000	-0.1210
305.2000	0.0000
338.1000	0.2100
383.5000	0.4080
453.6000	0.5980
507.2000	0.6950
593.8000	0.8080
688.7000	0.9050
795.9000	0.9940
903.1000	1.0710
1002.1000	1.1350
1113.4000	1.1960
1191.8000	1.2280
1303.1000	1.2710
1389.7000	1.2970
1591.8000	1.3490
1789.7000	1.3900
1995.9000	1.4205
2197.9000	1.4480
2400.0000	1.4750
  31
2400.00000000000        1.47500000000000     
2647.78188542408        1.49349478164706     
2909.59465338315        1.51198956329411     
3186.68673105748        1.53048434494117     
3480.46198781062        1.54897912658822     
3792.50517035185        1.56747390823528     
4124.61259733488        1.58596868988233     
4478.82945157610        1.60446347152939     
4857.49541908734        1.62295825317645     
5263.30098536650        1.64145303482350     
5699.35747552421        1.65994781647056     
6169.28501297381        1.67844259811761     
6677.32412013078        1.69693737976467     
7228.47892549419        1.71543216141172     
7828.70324367655        1.73392694305878     
8485.14576046852        1.75242172470584     
9206.47819233119        1.77091650635289     
10003.3423385932        1.78941128799995     
10888.9715083628        1.80790606964700     
11880.0746319700        1.82640085129406     
12998.1285843222        1.84489563294112     
14271.3285034652        1.86339041458817     
15737.6461238921        1.88188519623523     
17449.8559669335        1.90037997788228     
19484.2965077494        1.91887475952934     
21957.3527920117        1.93736954117639     
25059.8427177937        1.95586432282345     
29140.3173382978        1.97435910447051     
34961.8203129571        1.99285388611756     
45000.0000000004        2.01134866776462     
59717.6796026711        2.02984344941167     
