 100
-520.0000	-1.8011
-488.6921	-1.7982
-451.8289	-1.7938
-401.2035	-1.7871
-339.6107	-1.7778
-282.8616	-1.7682
-224.4519	-1.7569
-178.4542	-1.7465
-125.0939	-1.7321
-80.5834	-1.7170
-47.7948	-1.7020
-26.9182	-1.6874
-20.9521	-1.6805
-16.0924	-1.6730
-10.7523	-1.6640
-7.9035	-1.6580
-5.4437	-1.6510
-3.6107	-1.6460
-1.9000	-1.6390
-0.0198	-1.6280
1.6033	-1.6100
3.1866	-1.5860
4.0576	-1.5650
4.7477	-1.5420
5.5000	-1.5000
5.9500	-1.4600
6.2500	-1.4270
6.7200	-1.3720
7.1700	-1.2946
7.4260	-1.2226
7.6340	-1.1600
7.7300	-1.1097
7.7800	-1.0620
7.8100	-1.0107
7.9000	-0.9029
7.9590	-0.7927
8.0000	-0.6760
8.0800	-0.5572
8.1200	-0.4265
8.1570	-0.3034
8.1970	-0.1763
8.2610	-0.0524
8.3100	0.0780
8.3600	0.1414
8.4400	0.2072
8.4900	0.2674
8.5300	0.3307
8.6200	0.3935
8.7200	0.4557
8.8200	0.5175
8.9300	0.5790
9.0500	0.6391
9.1800	0.6982
9.3450	0.7577
9.6450	0.8138
9.9254	0.8591
10.5987	0.9357
11.4274	1.0071
12.4554	1.0741
13.7194	1.1373
15.3064	1.1967
17.1659	1.2510
19.4189	1.3006
20.9849	1.3282
22.2515	1.3500
25.0601	1.3866
27.7934	1.4173
30.9200	1.4455
33.4522	1.4635
36.4608	1.4848
39.2000	1.5007
43.8639	1.5260
50.3540	1.5532
55.1839	1.5702
60.5255	1.5864
66.6596	1.6021
72.9113	1.6159
83.6768	1.6354
95.4328	1.6526
107.8141	1.6673
122.8642	1.6816
140.9634	1.6966
151.0822	1.7038
161.8284	1.7107
179.1870	1.7206
192.3683	1.7269
206.3624	1.7331
221.1343	1.7390
236.8088	1.7446
253.8803	1.7501
271.7000	1.7553
300.5670	1.7627
331.1865	1.7695
362.3661	1.7757
393.2307	1.7812
421.7971	1.7860
447.5972	1.7901
469.0574	1.7935
485.8100	1.7962
520.0000	1.8011
   31
   520.000000000000        1.80110000000000     
   587.615596858838        1.80882526693892     
   659.781752433689        1.81655053387784     
   736.973027543684        1.82427580081676     
   819.732219777974        1.83200106775569     
   908.683059989614        1.83972633469461     
   1004.54584680590        1.84745160163353     
   1108.15684219388        1.85517686857245     
   1220.49252488191        1.86290213551137     
   1342.70017878920        1.87062740245029     
   1476.13682857098        1.87835266938921     
   1622.41929684658        1.88607793632814     
   1783.48926000195        1.89380320326706     
   1961.69879798580        1.90152847020598     
   2159.92435017173        1.90925373714490     
   2381.72066419365        1.91697900408382     
   2631.53202525466        1.92470427102274     
   2914.98709175202        1.93242953796166     
   3239.31834169362        1.94015480490059     
   3613.97161288996        1.94788007183951     
   4051.51325490819        1.95560533877843     
   4569.01697922042        1.96333060571735     
   5190.24963951621        1.97105587265627     
   5949.23772288506        1.97878113959519     
   6896.32165724548        1.98650640653411     
   8108.90769611423        1.99423167347303     
   9711.55925190213        2.00195694041196     
   11915.6804089662        2.00968220735088     
   15102.2569060233        2.01740747428980     
   20000.0000000013        2.02513274122872     
   26147.5721001701        2.03285800816764     
